Augmented Matrix
1.0 3.0 3.0 3.0 
2.0 7.0 8.0 4.0 
1.0 5.0 1.0 5.0 


ERO: Row2 <-> Row1
2.0 7.0 8.0 4.0 
1.0 3.0 3.0 3.0 
1.0 5.0 1.0 5.0 

ERO: (0.5)Row1 -> Row1
1.0 3.5 4.0 2.0 
1.0 3.0 3.0 3.0 
1.0 5.0 1.0 5.0 
 
Eliminate lower
ERO: ([-1. -1.])Row1 + Row[2 3] -> Row[2 3]
1.0 3.5 4.0 2.0 
0.0 -0.5 -1.0 1.0 
0.0 1.5 -3.0 3.0 

ERO: Row3 <-> Row2
1.0 3.5 4.0 2.0 
0.0 1.5 -3.0 3.0 
0.0 -0.5 -1.0 1.0 

ERO: (0.6666666666666666)Row2 -> Row2
1.0 3.5 4.0 2.0 
0.0 1.0 -2.0 2.0 
0.0 -0.5 -1.0 1.0 

Eliminate upper
ERO: ([-3.5])Row2 + Row[1] -> Row[1]
1.0 0.0 11.0 -5.0 
0.0 1.0 -2.0 2.0 
0.0 -0.5 -1.0 1.0 

Eliminate lower
ERO: ([0.5])Row2 + Row[3] -> Row[3]
1.0 0.0 11.0 -5.0 
0.0 1.0 -2.0 2.0 
0.0 0.0 -2.0 2.0 

ERO: (-0.5)Row3 -> Row3
1.0 0.0 11.0 -5.0 
0.0 1.0 -2.0 2.0 
0.0 0.0 1.0 -1.0 

Eliminate upper
ERO: ([-11.   2.])Row3 + Row[1 2] -> Row[1 2]
1.0 0.0 0.0 6.0 
0.0 1.0 0.0 0.0 
0.0 0.0 1.0 -1.0 

RREF Matrix
1 0 0 6 
0 1 0 0 
0 0 1 -1 

