Augmented Matrix 
1.0 1.0 1.0 1.0 0.0 
1.0 0.0 0.0 1.0 0.0 
1.0 2.0 1.0 0.0 0.0 


ERO: (1.0)Row1 -> Row1
1.0 1.0 1.0 1.0 0.0 
1.0 0.0 0.0 1.0 0.0 
1.0 2.0 1.0 0.0 0.0 

Eliminate lower
ERO: ([-1. -1.])Row1 + Row[2 3] -> Row[2 3]
1.0 1.0 1.0 1.0 0.0 
0.0 -1.0 -1.0 0.0 0.0 
0.0 1.0 0.0 -1.0 0.0 

ERO: (-1.0)Row2 -> Row2
1.0 1.0 1.0 1.0 0.0 
0.0 1.0 1.0 -0.0 -0.0 
0.0 1.0 0.0 -1.0 0.0 

Eliminate upper
ERO: ([-1.])Row2 + Row[1] -> Row[1]
1.0 0.0 0.0 1.0 0.0 
0.0 1.0 1.0 -0.0 -0.0 
0.0 1.0 0.0 -1.0 0.0 

Eliminate lower
ERO: ([-1.])Row2 + Row[3] -> Row[3]
1.0 0.0 0.0 1.0 0.0 
0.0 1.0 1.0 -0.0 -0.0 
0.0 0.0 -1.0 -1.0 0.0 

ERO: (-1.0)Row3 -> Row3
1.0 0.0 0.0 1.0 0.0 
0.0 1.0 1.0 -0.0 -0.0 
0.0 0.0 1.0 1.0 -0.0 

Eliminate upper
ERO: ([-0. -1.])Row3 + Row[1 2] -> Row[1 2]
1.0 0.0 0.0 1.0 0.0 
0.0 1.0 0.0 -1.0 0.0 
0.0 0.0 1.0 1.0 -0.0 

RREF Matrix
1 0 0 1 0 
0 1 0 -1 0 
0 0 1 1 0 

